5
0.825453721	0.823643527	0.453685835	0.122467314	0.356314137
0.855193092	0.31648985	0.782070231	0.478726937	0.758546478
0.011361235	0.268518606	0.34862664	0.646452207	0.161088625
0.896167115	0.572298806	0.281011477	0.592808611	0.166593686
0.852093743	0.194224821	0.613757476	0.846921904	0.846388882
0.1104417	0.758786092	0.221221587	0.234700404	0.169056756
0.259170219	0.550028821	0.837794382	0.138192192	0.960717714
0.82125408	0.814043866	0.104814044	0.106869645	0.4753423
0.192174707	0.975766496	0.761076157	0.157962435	0.899270257
0.627256074	0.043742471	0.133895341	0.690637422	0.272619842
0.626783029	0.095854049	0.048225711	0.173279832	0.18175381
0.086758607	0.366466837	0.073575864	0.169681405	0.79135524
0.955984296	0.379738174	0.100086436	0.170920878	0.297570902
0.287014725	0.298583444	0.602560202	0.381413034	0.2622867
0.397437182	0.472457362	0.163100865	0.626295727	0.745789851
0.540083466	0.443331568	0.621261146	0.804511652	0.149252124
0.801603038	0.804344919	0.761462445	0.441516991	0.352844972
0.797763415	0.139116667	0.808616749	0.493298297	0.244359742
0.324599499	0.257497065	0.609090208	0.529223887	0.349260564
0.965264147	0.255454532	0.182962193	0.039489516	0.375304968
0.801945325	0.034910719	0.236426311	0.750327537	0.210077299
0.364965538	0.049599059	0.940954568	0.595322469	0.305258571
0.636427524	0.488616619	0.99879648	0.557243413	0.327314239
0.06459036	0.813222184	0.513545145	0.105763095	0.465006106
0.271231178	0.26373733	0.309828609	0.27874691	0.135139971
0.459009005	0.256312562	0.041515324	0.931549061	0.392321265
0.458216991	0.127492403	0.389019047	0.04932376	0.540488951
0.785947628	0.73817536	0.944590302	0.472662788	0.310286304
0.133339056	0.519377228	0.543304538	0.059912985	0.396067462
0.160222051	0.853500389	0.852599323	0.477237864	0.644497731
0.542142644	0.189495724	0.082965286	0.414487168	0.288134266
0.470385963	0.547452346	0.00320616	0.120161142	0.159342752
0.129700582	0.240411919	0.629405402	0.455208019	0.902655819
0.198279458	0.087054917	0.209006174	0.465757554	0.518980989
0.096307975	0.700058836	0.608114887	0.982222814	0.23625755
0.753105683	0.174280241	0.333047805	0.88314806	0.959295582
0.881616238	0.864666229	0.08448547	0.72585444	0.919141907
0.369338132	0.003606435	0.623050828	0.864022021	0.826780283
0.712180638	0.793165669	0.67668664	0.492802061	0.420094887
0.739919927	0.756593015	0.744083275	0.480423862	0.140821317
0.07006711	0.927524581	0.950849531	0.326452178	0.043150977
0.397549606	0.675314275	0.090659379	0.605378794	0.404804903
0.759058919	0.448422174	0.467008138	0.70178646	0.909138165
0.663804994	0.409363416	0.33136152	0.034574927	0.994943453
0.647407004	0.271866291	0.960535293	0.321695515	0.455575015
0.78964783	0.337747336	0.818713597	0.093575125	0.297641134
0.882246134	0.383885169	0.474454575	0.227633549	0.070488514
0.68972518	0.528824404	0.308331584	0.832499949	0.387392995
0.805759141	0.633646752	0.19283761	0.773359073	0.060707601
0.333843675	0.066838619	0.599565124	0.295339485	0.559471094
0.128351899	0.431878514	0.317094041	0.948709405	0.002716277
0.366687197	0.618796234	0.30748865	0.406677789	0.73955787
0.226570164	0.931330013	0.310415254	0.848666395	0.383952267
0.65943119	0.312147358	0.684865247	0.91209442	0.941387261
0.255151227	0.393791466	0.601548258	0.368995369	0.452558836
0.310371785	0.110558091	0.87126762	0.732753324	0.152338885
0.189705056	0.756450746	0.962949371	0.842671605	0.509654269
0.686619591	0.129006073	0.119942074	0.025301954	0.736451606
0.437976414	0.304876216	0.532797075	0.762354792	0.106254182
0.08160803	0.24821037	0.008074536	0.382358452	0.752271214
0.396473647	0.240930151	0.861019334	0.532052047	0.916819848
0.176985284	0.217442445	0.729666406	0.469849241	0.869575168
0.941824836	0.669570986	0.197579082	0.608029747	0.922454847
0.404310236	0.458360681	0.42449072	0.263735094	0.722797786
0.380643658	0.27284802	0.110052085	0.138687072	0.463523526
0.158621918	0.35424989	0.316978022	0.948137135	0.883019209
0.63978498	0.669123012	0.853808632	0.235550832	0.474151439
0.940980359	0.657155103	0.42457714	0.887007042	0.566461395
0.75626952	0.173466631	0.959762825	0.505247814	0.225942737
0.834616652	0.108682878	0.312719525	0.042801184	0.944855182
0.420468927	0.551734364	0.254455182	0.367289047	0.692036307
0.728948528	0.398691494	0.100030858	0.891063466	0.87833313
0.704502295	0.24910426	0.552992474	0.803069277	0.555923177
0.108668378	0.771290606	0.554746273	0.86497355	0.433152743
0.35679785	0.672968015	0.983781921	0.691508981	0.456819219
0.743636375	0.140922534	0.077109884	0.001302472	0.441280742
0.776697967	0.476835123	0.375160616	0.366777729	0.19385335
0.830197042	0.148695926	0.117484012	0.015284019	0.327755723
0.348698472	0.44125319	0.189801536	0.786501477	0.279785952
0.834121967	0.138498099	0.19348164	0.832390607	0.305888352
0.642805304	0.252807732	0.901109583	0.702754001	0.697401155
0.229404108	0.152349838	0.452388472	0.51204063	0.888508832
0.70466937	0.940392481	0.983099688	0.613564121	0.022783495
0.87808485	0.269556479	0.722889564	0.731078777	0.65884444
0.32057523	0.268426118	0.192770594	0.743856758	0.549484088
0.056374229	0.92151409	0.801928187	0.459213536	0.396856051
0.090597086	0.035343534	0.281716804	0.089661626	0.88100341
0.457193321	0.717028826	0.27844432	0.500174679	0.720685973
0.297215084	0.429593606	0.63390792	0.362954178	0.486629422
0.435867563	0.335183807	0.315121419	0.044252194	0.737203337
0.025047577	0.075346849	0.565468179	0.369204214	0.621696708
0.057917061	0.758003253	0.786324422	0.017178021	0.435759433
0.997016459	0.559442521	0.007746072	0.0667114	0.518605901
0.74270353	0.811027969	0.838714624	0.680809128	0.013880205
0.42123527	0.005155077	0.477975881	0.090616346	0.361590288
0.920388421	0.253303436	0.826410733	0.193597461	0.114011193
0.351900647	0.993250899	0.540657573	0.394735806	0.551760328
0.280908104	0.980328086	0.94826002	0.249744947	0.288573341
0.925992733	0.751794199	0.133284128	0.806302284	0.243807544
0.720729064	0.575611299	0.832820832	0.039105067	0.816109399
0.691412032	0.784573441	0.513592663	0.57960395	0.08316874
0.721912539	0.136994736	0.178127946	0.248951098	0.831689322
0.025789578	0.716737458	0.863769528	0.844585902	0.589815674
0.495385025	0.712664587	0.054101405	0.068116665	0.524521618
0.927344901	0.625461187	0.70358714	0.125775708	0.275727627
0.971787419	0.895571459	0.841277025	0.069194919	0.686125188
0.432326971	0.713729095	0.318133606	0.247719972	0.902575419
0.308045783	0.610737188	0.317532859	0.494472748	0.935771756
0.229445185	0.893507884	0.454467289	0.168924969	0.793087726
0.915806655	0.764941037	0.288998596	0.64096283	0.644786554
0.881288521	0.935470763	0.698486954	0.362069465	0.146233323
0.161373478	0.69727779	0.728620096	0.398308262	0.379417631
0.026716114	0.468848959	0.767335318	0.603851787	0.449438259
0.114367655	0.966553141	0.221874473	0.88673128	0.326240194
0.654905921	0.583371539	0.624646589	0.397096989	0.20021976
0.639164132	0.414098778	0.388459056	0.709868757	0.473940249
0.261837809	0.20086832	0.654580293	0.566867558	0.997142798
0.816308133	0.180591846	0.518075802	0.324304365	0.418957018
0.643014808	0.719083668	0.429411323	0.471577893	0.099106901
0.550757245	0.54628967	0.25945028	0.425133616	0.361706411
0.397833414	0.422877748	0.147636549	0.458819486	0.697247655
0.644940113	0.753121531	0.455669842	0.321600265	0.220956541
0.970925565	0.437587378	0.561189548	0.886087202	0.736025744
0.891485161	0.268324675	0.658158193	0.228337595	0.49628863
0.365309747	0.519840752	0.020861393	0.365120494	0.535200822
0.326417794	0.810117492	0.964124571	0.502298398	0.789800794
0.918460989	0.578489295	0.560761565	0.980604709	0.671822736
0.585484686	0.716163998	0.672865978	0.918242325	0.635170731
0.181278964	0.728613676	0.508977082	0.369407069	0.471856063
0.082361121	0.607488276	0.228399844	0.711984954	0.560222537
0.623543606	0.21232313	0.777522959	0.079693628	0.649077894
0.882752544	0.602350282	0.452609873	0.213084758	0.320058047
0.039264952	0.826297011	0.285260008	0.672469013	0.64101567
0.263351405	0.768686088	0.912032144	0.446501266	0.914125496
0.020215734	0.236835655	0.256742167	0.527766605	0.209875551
0.532323367	0.074000612	0.853541856	0.806641398	0.966239721
0.731741479	0.098398339	0.671681253	0.230219731	0.144643763
0.286289286	0.910988656	0.829138224	0.137361	0.448380579
0.339476803	0.087672431	0.283092361	0.456901841	0.902684243
0.550797721	0.721654114	0.426204205	0.583761073	0.595590679
0.75794359	0.799816302	0.927149246	0.387869187	0.389781137
0.011433694	0.83639721	0.361775226	0.16030086	0.729559496
0.102854847	0.556213756	0.248043508	0.962314559	0.367544796
0.70897013	0.00092595	0.987526029	0.331850253	0.987045129
0.39778108	0.526687292	0.991224843	0.832655065	0.858980552
0.203409735	0.91822775	0.932792254	0.644776651	0.247305644
0.913016892	0.388251335	0.64021661	0.148083951	0.46026985
0.618167486	0.250392257	0.277097222	0.370363179	0.451488114
0.203415641	0.855373404	0.184694694	0.784795895	0.564594339
0.47955113	0.398826362	0.949502166	0.722747933	0.338445721
0.374610275	0.638532626	0.424951987	0.309680711	0.202508932
0.162725805	0.439627361	0.973611407	0.700843076	0.995554027
0.361143721	0.330354848	0.304967	0.15560132	0.016175271
0.482954301	0.214367244	0.964678836	0.581897977	0.297195874
0.05527805	0.665993498	0.07836939	0.901894071	0.658412676
0.156664806	0.587114323	0.534179761	0.313188663	0.56828414
0.367786218	0.405659624	0.121087974	0.837849073	0.845451088
0.672160747	0.794735247	0.595267408	0.235797687	0.80938874
0.983789524	0.634330361	0.81297185	0.501737217	0.599162533
0.559734786	0.713810234	0.357487224	0.334997058	0.779166707
0.806655138	0.169311307	0.40049727	0.781768931	0.71062459
0.654979041	0.558605415	0.425094281	0.342650335	0.480884279
0.153524524	0.80141706	0.190299891	0.895990495	0.486723704
0.703132784	0.725425468	0.854399036	0.645226137	0.528187356
0.507499731	0.706611584	0.697289816	0.362861265	0.665472296
0.013546526	0.095941327	0.81718242	0.656129919	0.780546317
0.131097016	0.811923061	0.567580565	0.800903001	0.25259849
0.335540996	0.960038742	0.881595323	0.325766444	0.267817232
0.354450176	0.941711066	0.895648021	0.783713774	0.27752002
0.7752536	0.707716619	0.905697861	0.82991303	0.753492174
0.95535942	0.285345428	0.420153691	0.896295004	0.614474023
0.225674481	0.580259183	0.534793749	0.035858347	0.937398978
0.916565469	0.794030638	0.421531167	0.387701565	0.158593166
0.143154968	0.273595268	0.383478215	0.593518612	0.325394375
0.735949696	0.723956215	0.628601979	0.219210213	0.167454973
0.702115389	0.501568136	0.004392768	0.421426677	0.004884328
0.566208385	0.036512325	0.539963756	0.075140655	0.0310157
0.213801646	0.756031443	0.27320853	0.558531862	0.154038327
0.888599675	0.851051982	0.677877094	0.25126474	0.753497786
0.414782884	0.880194914	0.224035834	0.551967423	0.845033775
0.919661197	0.127413384	0.529113908	0.879721027	0.856398309
0.031650145	0.1417238	0.721646951	0.1441633	0.596963517
0.031060361	0.02953645	0.672765635	0.377432208	0.848299451
0.949442673	0.048637459	0.361824524	0.374921808	0.897125276
0.886244609	0.496646621	0.02908262	0.047423071	0.55591007
0.170970055	0.21554174	0.30293937	0.158920472	0.255061461
0.265264989	0.677583155	0.741519938	0.571959952	0.858492635
0.485555887	0.393767748	0.894277488	0.61830696	0.604491674
0.182349191	0.403447587	0.081087327	0.597493846	0.477147164
0.224182374	0.188629098	0.950176165	0.084695616	0.844396973
0.384151469	0.111335895	0.168996426	0.612676272	0.507116913
0.674770032	0.169405538	0.020152792	0.632423504	0.056761493
0.980996622	0.043834654	0.325101716	0.569135164	0.068263668
0.457279441	0.984212263	0.87581218	0.1445918	0.191887794
0.25942448	0.471677377	0.513352842	0.695584443	0.343319806
0.103227365	0.897597519	0.877695329	0.845438549	0.954597039
0.591475506	0.636741086	0.30169214	0.327905823	0.388003302
0.698434716	0.343151752	0.863463012	0.969150401	0.122271628
0.871047991	0.145716177	0.111712419	0.952266106	0.245902967
0.295156914	0.971498061	0.369001376	0.89655186	0.029024358
0.273575663	0.594640293	0.397680627	0.200932874	0.372704166
0.318004564	0.134304689	0.754945778	0.995477542	0.639508235
0.732186492	0.970721692	0.835725176	0.468290557	0.122469426
0.371733077	0.033320392	0.47083894	0.334212835	0.759660311
0.490521366	0.200939346	0.277444488	0.451188835	0.777332709
0.796450736	0.851275088	0.139250863	0.810213308	0.85553925
0.323325539	0.323248935	0.85063035	0.492481158	0.075222346
0.721231082	0.334509063	0.574536508	0.113561136	0.823459552
0.80659924	0.645349515	0.902750593	0.973560512	0.100188422
0.232530262	0.730808187	0.646821589	0.679010089	0.929302927
0.086610175	0.919116531	0.896485718	0.648309053	0.194903076
0.992327084	0.730388718	0.258062864	0.042475337	0.555525685
0.08129173	0.92246938	0.864536625	0.883598277	0.226794236
0.71245779	0.016689419	0.184577678	0.774596129	0.135435203
0.179945908	0.011845873	0.674781243	0.618981433	0.543144328
0.301936883	0.698573092	0.840351326	0.9067417	0.598765403
0.55278697	0.840318484	0.550060711	0.019634887	0.132182034
0.479028199	0.693651806	0.844476289	0.628109592	0.439897776
0.452303218	0.549476707	0.670538079	0.9955176	0.809463971
0.484202664	0.455200438	0.680236339	0.406892586	0.318914632
0.918309668	0.984756811	0.173520462	0.390992094	0.683699535
0.053669488	0.842732676	0.948178741	0.268163073	0.117119595
0.050632431	0.509076295	0.220002445	0.038151718	0.92354484
0.390380929	0.37797921	0.520215669	0.918718059	0.568140451
0.092074756	0.700237745	0.710663949	0.875640021	0.177792658
0.065868957	0.188790389	0.556159638	0.941915973	0.904228489
0.700186057	0.995601142	0.817521592	0.99837192	0.269116883
0.648180704	0.262727434	0.749253794	0.895592228	0.024076782
0.979505847	0.548463188	0.901483754	0.616277874	0.414200742
0.415146846	0.966553906	0.781718668	0.882673856	0.385218306
0.042577859	0.483029525	0.153500418	0.74354183	0.437070961
0.328645519	0.652774657	0.5623037	0.611650307	0.041519964
0.204209361	0.647351987	0.858341143	0.632717766	0.908021093
0.622699315	0.107418784	0.69764515	0.161636259	0.616858462
0.847593053	0.77339775	0.516612321	0.705759512	0.809096076
0.068747727	0.423834412	0.159964856	0.842867187	0.143447425
0.773063776	0.142980452	0.078308829	0.261659438	0.892438108
0.701165071	0.51543351	0.837745877	0.387271222	0.96315909
0.992559369	0.82951518	0.545478603	0.800169347	0.886486035
0.503548091	0.920324826	0.22017628	0.692599686	0.402598731
0.736704227	0.13342374	0.994463134	0.694276894	0.741879707
0.029851161	0.41504032	0.710693109	0.564725022	0.845632397
0.227791025	0.693736072	0.768879123	0.509057713	0.469740766
0.251750837	0.576672001	0.214887982	0.625660679	0.549725712
0.696162819	0.02530687	0.255273056	0.364991004	0.111661121
0.785599901	0.77116173	0.505774171	0.178526033	0.319679004
0.646098448	0.881322303	0.500404259	0.534727874	0.672310821
0.577761819	0.517477749	0.209358672	0.346819579	0.851814932
0.713828122	0.025668831	0.252053179	0.378276139	0.323349708
0.817829663	0.175120216	0.089370627	0.323628965	0.461024619
0.479556283	0.676079245	0.071888102	0.062336568	0.974057237
0.43242173	0.575599394	0.786666689	0.414304932	0.408449325
0.340343366	0.157459665	0.037506249	0.375938675	0.220135087
0.478679316	0.778385219	0.901481577	0.795219534	0.529321187
0.685425514	0.276119641	0.418809542	0.934812367	0.174339624
0.132814528	0.088764608	0.602395629	0.500267803	0.098316521
0.782965775	0.514131055	0.228746003	0.155365843	0.732576739
0.365492487	0.398877552	0.690641987	0.464444351	0.620507099
0.658498606	0.7684549	0.712998252	0.687401433	0.559917013
0.29032654	0.105898267	0.588315204	0.228017733	0.63215305
0.791382674	0.237597428	0.520576449	0.161270067	0.638748226
0.279610581	0.734693955	0.59962416	0.497862959	0.033248311
0.459507132	0.927571969	0.219495348	0.479146009	0.223103178
0.051293349	0.550228097	0.932577613	0.023243229	0.502747831
0.282958954	0.743765444	0.780974959	0.590496552	0.620962073
0.546553828	0.311208485	0.510888746	0.059965854	0.55854583
0.07424532	0.313714769	0.625850031	0.47903676	0.069067156
0.699171367	0.410670383	0.599524283	0.040031643	0.597401681
0.475964355	0.519057513	0.675644078	0.708444543	0.598983704
0.91134168	0.618137198	0.903241596	0.159388517	0.386176511
0.246492582	0.307097198	0.662137813	0.634672392	0.06346659
0.162983471	0.096045267	0.123653737	0.487876086	0.817643264
0.688661541	0.713511182	0.437851911	0.515621642	0.103713646
0.795817783	0.401668035	0.748302423	0.319263926	0.128623267
0.52330956	0.683607958	0.086456533	0.418010895	0.881286009
0.028280509	0.734492238	0.613503563	0.351211205	0.533323626
0.41057796	0.538472641	0.207548465	0.22416953	0.103186723
0.106678347	0.951138232	0.642761017	0.955606677	0.826761412
0.38891996	0.003023047	0.14807815	0.15339812	0.203013356
0.179325972	0.618469338	0.209053111	0.623428997	0.359804922
0.470293412	0.924865124	0.468589754	0.015819906	0.454912768
0.216691218	0.171040432	0.750685267	0.79687874	0.928690521
0.531627196	0.032613034	0.635542943	0.373277999	0.745375022
0.394138247	0.667838471	0.501637924	0.536713825	0.240360173
0.710599635	0.645387059	0.610737624	0.436480193	0.034979449
0.245567475	0.109424765	0.982824152	0.630580435	0.741785479
0.425077869	0.101414913	0.194807143	0.117322935	0.529439369
0.118122621	0.201714816	0.801680196	0.797855831	0.178400561
0.477212825	0.038200327	0.726992876	0.787631969	0.579776424
0.119626927	0.011656584	0.142653691	0.324306793	0.714209164
0.928901656	0.890007302	0.254510513	0.496200801	0.356880733
0.927367918	0.573464383	0.816069174	0.292498836	0.96758361
0.303526827	0.19904876	0.271933585	0.58214177	0.601842727
0.334806108	0.588070961	0.944621509	0.70131937	0.949952523
0.444202881	0.621721112	0.103607356	0.842887954	0.086122164
0.700753281	0.614284163	0.808042289	0.154058807	0.953285398
0.030714432	0.533647665	0.555809561	0.574649485	0.194577077
0.921408496	0.97734737	0.283806515	0.49244543	0.412120176
0.940737209	0.903052031	0.886469502	0.042278865	0.943158777
0.906700901	0.445461594	0.995937186	0.593411916	0.900563984
0.629767976	0.569516565	0.557608	0.40178581	0.731734542
0.466145253	0.838133007	0.864910054	0.979239758	0.549866979
0.766167037	0.802428564	0.709443114	0.35217671	0.172246643
0.941818873	0.603108342	0.731945504	0.431891584	0.31435373
0.35353505	0.380223205	0.202043402	0.643676232	0.462890036
0.176994942	0.177223894	0.384135357	0.734080748	0.274934866
0.862121583	0.1837546	0.122266732	0.081335332	0.325841052
0.231146141	0.110663504	0.766321288	0.58468017	0.353508938
0.090661143	0.063372289	0.247945002	0.487719172	0.052273801
0.4093436	0.960078122	0.989161406	0.195858438	0.853763691
0.240005371	0.554844342	0.614350273	0.077776024	0.478805476
0.496638887	0.866544282	0.768515445	0.098274304	0.507472637
0.893207979	0.81050511	0.597970575	0.199206049	0.616053409
0.473734277	0.671139743	0.996275229	0.041417907	0.335612874
0.313892937	0.779727138	0.722612674	0.670029575	0.588682759
0.658500612	0.056527669	0.218316807	0.754684699	0.73547476
0.461740296	0.363200486	0.892535298	0.990182734	0.443942871
0.693621256	0.310852984	0.613850596	0.199152465	0.217826727
0.119564804	0.593160873	0.102549901	0.33776989	0.9356343
0.108209532	0.965653019	0.521391258	0.535400392	0.690356728
0.518347039	0.877992087	0.198844637	0.946887949	0.496928551
0.805623996	0.96332091	0.05446554	0.273569955	0.082273941
0.721457197	0.699910417	0.988332915	0.728147448	0.076014718
0.224874895	0.258800165	0.360020264	0.058101208	0.296188766
0.428615589	0.350890517	0.914925437	0.949116734	0.815712304
0.29788007	0.107080238	0.400255097	0.356505165	0.927430907
0.223411972	0.727991596	0.273584579	0.128094778	0.880873066
0.239167647	0.458562941	0.538322752	0.527369149	0.71363283
0.061761254	0.892060428	0.518397156	0.324063946	0.640975188
0.082334413	0.059003576	0.402741331	0.97877787	0.708213182
0.026542859	0.324436068	0.345965295	0.928845704	0.11092024
0.887516885	0.973134727	0.879120682	0.322616642	0.697840301
0.856109568	0.438265135	0.364690334	0.794601165	0.536586647
0.478722301	0.840708158	0.862659828	0.598872581	0.57492309
0.911773775	0.787547086	0.063782491	0.917388228	0.57707486
0.976077056	0.62221964	0.144800948	0.417210377	0.225597678
0.38569405	0.176899572	0.588889174	0.082680086	0.793705537
0.736435562	0.799962296	0.188677859	0.950698707	0.209001823
0.865663041	0.523317708	0.003006894	0.670790545	0.923989079
0.297665706	0.801135825	0.968999608	0.049041838	0.476793518
0.065198984	0.072553442	0.315743969	0.15497234	0.638603781
0.88793165	0.191921511	0.717593456	0.88112112	0.027154287
0.212334543	0.279714781	0.99798534	0.94860216	0.678838731
0.632030469	0.559243237	0.507908981	0.189944174	0.110696736
0.295929084	0.418690174	0.167628016	0.39061599	0.149355759
0.339212967	0.551325137	0.341832981	0.842120909	0.146155694
0.63379967	0.025011503	0.015281908	0.587686152	0.751019526
0.368664958	0.095518106	0.627073729	0.857248878	0.668001517
0.906237315	0.633162485	0.329867006	0.150412897	0.489750934
0.760918308	0.31781034	0.547189185	0.352115306	0.877049249
0.813576613	0.321479764	0.518638738	0.690346052	0.313466712
0.408235928	0.434332075	0.813230031	0.753980218	0.218528226
0.58061465	0.582283145	0.766593884	0.908623536	0.155355101
0.43917884	0.870884367	0.054808759	0.220241197	0.859252647
0.324396361	0.501878873	0.877543241	0.148987351	0.27672624
0.354565444	0.151945247	0.419444511	0.87454831	0.913639786
0.676369189	0.271367299	0.379201157	0.457110968	0.848409705
0.812118556	0.100483546	0.358321644	0.823318387	0.007214476
0.893108609	0.696351415	0.313907639	0.022678291	0.186086091
0.171307092	0.614631111	0.153346876	0.602567548	0.647887893
0.909581783	0.789436692	0.069184132	0.487477151	0.51763896
0.285592501	0.038252203	0.493400545	0.221132205	0.374218789
0.166103064	0.494767841	0.482877816	0.525207292	0.887541747
0.529440488	0.5799964	0.380846277	0.295603192	0.181569506
0.498934216	0.998585904	0.925530857	0.600541775	0.130931708
0.302280004	0.582188563	0.814053862	0.189698044	0.63184586
0.665147864	0.523311329	0.198654424	0.268003244	0.733499942
0.08458958	0.423114006	0.604628002	0.169353258	0.453170642
0.370687437	0.394206918	0.898970856	0.88133893	0.570040601
0.144764035	0.302861796	0.457573929	0.92673661	0.446139045
0.376490303	0.203000387	0.18625558	0.676372243	0.829436165
0.747821526	0.930480532	0.995190524	0.155089	0.04594531
0.870777828	0.763124269	0.019259773	0.590062632	0.838671108
0.326217674	0.56334273	0.106167764	0.631548041	0.419080564
0.048927306	0.787636755	0.131584133	0.125952099	0.019675433
0.936559471	0.440771342	0.164497362	0.54022684	0.759782985
0.589254193	0.383515714	0.938447065	0.945813963	0.733570635
0.756025429	0.463593611	0.188498518	0.248732664	0.75420513
0.725845591	0.046897853	0.069430964	0.251320831	0.463150833
0.087105711	0.393348758	0.824601135	0.992072003	0.977374403
0.218120192	0.527935549	0.110075303	0.647573212	0.511172564
0.657756157	0.686727717	0.519393154	0.188917732	0.31503851
0.358427984	0.109047677	0.55669407	0.274059814	0.327138154
0.11016236	0.419117297	0.79354187	0.684744827	0.562423271
0.273138272	0.532701164	0.430263359	0.461893906	0.644354023
0.988566346	0.809148787	0.842796735	0.770391082	0.285970774
0.055882928	0.533018805	0.076701505	0.275091273	0.926701634
0.643395262	0.782732982	0.518390954	0.952290966	0.599118029
0.261370817	0.719977717	0.758808793	0.817727071	0.810806721
0.501753929	0.860782061	0.301150049	0.904546718	0.60846727
0.325021104	0.374517943	0.407752378	0.908394787	0.553965756
0.895252555	0.282513783	0.341543226	0.390761736	0.779607173
0.78236447	0.194078222	0.481016483	0.086322899	0.78955514
0.106005393	0.026745552	0.534251554	0.172168684	0.963515957
0.911807938	0.452511793	0.818380774	0.74119758	0.126756711
0.67216892	0.982497815	0.162158781	0.520282381	0.017538479
0.317854142	0.008529443	0.664958069	0.864279389	0.778943535
0.924851707	0.493930572	0.659687185	0.29858743	0.535841603
0.114006139	0.881557999	0.81301276	0.68620703	0.310962785
0.819932928	0.83497948	0.429371912	0.941769903	0.90681158
0.222365762	0.950576772	0.556080675	0.410536552	0.118348324
0.173429848	0.538414349	0.486161356	0.538504007	0.226457478
0.397817169	0.420001372	0.697758512	0.70066981	0.081356729
0.283357935	0.929809097	0.578977631	0.011755476	0.131822761
0.947862308	0.116769793	0.409423187	0.199585782	0.847382487
0.858936076	0.766669425	0.917854465	0.39185978	0.830994476
0.754771776	0.175689365	0.84390664	0.298760847	0.817713658
0.706080347	0.744156971	0.22216569	0.876799867	0.81847097
0.855155552	0.996366629	0.803061577	0.410918212	0.140505137
0.810987258	0.11603172	0.274939272	0.779557145	0.878655283
0.800353431	0.968711938	0.134601403	0.799073865	0.334833122
0.227204954	0.77663569	0.393292863	0.347583526	0.790833447
0.748224352	0.937402914	0.401203001	0.727458995	0.112518254
0.896918133	0.649253974	0.631217406	0.106218429	0.018468879
0.33432993	0.171888795	0.281614455	0.190347047	0.465540467
0.06059513	0.706190825	0.715785772	0.734530929	0.684954788
0.512575304	0.074221119	0.395080837	0.791832873	0.574174744
0.070688035	0.678933798	0.540794821	0.509960407	0.81407373
0.121932533	0.837580665	0.096385241	0.801427945	0.135612035
0.047595746	0.174803464	0.334355761	0.988266802	0.63222268
0.156364018	0.276760607	0.081514185	0.861468006	0.036065113
0.569319018	0.731582075	0.469677737	0.372829712	0.891846518
0.928740099	0.271653001	0.660924265	0.814954557	0.600329557
0.558304701	0.103381781	0.145632051	0.772678843	0.626554278
0.251217299	0.893784283	0.692671786	0.891930651	0.931838583
0.498570744	0.503936323	0.851104612	0.519846574	0.926795711
0.418998256	0.478579275	0.229671341	0.735895048	0.061987715
0.97716421	0.72640492	0.599517178	0.643167456	0.097009747
0.899870777	0.032560549	0.085193622	0.425375514	0.965659379
0.332706986	0.227348011	0.394079637	0.110632129	0.083242424
0.654946821	0.047670603	0.157485783	0.206902894	0.386955718
0.524891651	0.078037174	0.777617762	0.23305927	0.528043831
0.545110189	0.970381795	0.702616213	0.599670268	0.610962609
0.922413441	0.863201842	0.437176257	0.714650802	0.724620415
0.360642848	0.623435484	0.911598767	0.69645947	0.739082867
0.246827338	0.134394757	0.312758027	0.772942656	0.141828125
0.486466	0.472705675	0.016738491	0.151674877	0.799921743
0.180532698	0.621098712	0.60943907	0.104158812	0.140415839
0.740867861	0.502733565	0.252977162	0.992216752	0.833304051
0.356427605	0.304470187	0.55694498	0.64868614	0.274847831
0.467028877	0.367856525	0.139465566	0.184480983	0.497478192
0.936307276	0.537802657	0.651649243	0.416866083	0.705266166
0.990940792	0.751634006	0.798773789	0.740464532	0.599558851
0.144335565	0.140473565	0.024713662	0.864372689	0.714581311
0.322907556	0.189181738	0.622118725	0.683778501	0.659270032
0.463582245	0.050890894	0.652652474	0.879842241	0.265716117
0.2087336	0.937682123	0.71624666	0.120421018	0.189170735
0.588697208	0.42887135	0.233152706	0.654621441	0.445547969
0.720583736	0.266802769	0.630355553	0.039365372	0.349379826
0.683428896	0.527306539	0.07341183	0.98430252	0.742059176
0.698385179	0.700385384	0.244659925	0.60620183	0.473303807
0.12445227	0.582090317	0.397403437	0.351815029	0.334350574
0.803043048	0.74586577	0.266313267	0.851734654	0.391279126
0.216619759	0.784031576	0.757968322	0.039759822	0.847882904
0.377669363	0.188532892	0.915150524	0.323321693	0.981146513
0.711155801	0.852700061	0.735587653	0.867720299	0.274198312
0.124328093	0.800547122	0.394341985	0.945739013	0.243863388
0.743596631	0.910092849	0.33469248	0.387493814	0.823618321
0.598364275	0.76226255	0.321947573	0.544780096	0.24126944
0.298341109	0.001469046	0.280542632	0.563933147	0.010947646
0.908478136	0.751765024	0.506288708	0.567578176	0.902783449
0.708319004	0.166025053	0.291761394	0.305638436	0.483804558
0.663456342	0.534789941	0.696891205	0.168835372	0.616122187
0.831274901	0.074246644	0.001473525	0.180594677	0.009298707
0.273719211	0.436739292	0.330433136	0.527175869	0.759763375
0.646628536	0.138267284	0.385841723	0.211626108	0.456683909
0.809459326	0.969311531	0.600086017	0.514499776	0.682757843
0.361783193	0.079447246	0.19633993	0.163407088	0.133997522
0.676741145	0.822848003	0.374876802	0.64694476	0.222133906
0.782589702	0.344678603	0.412860509	0.496986117	0.387530393
0.869426159	0.300384625	0.893275407	0.016897088	0.00126548
0.499758658	0.295032617	0.222186806	0.737764065	0.987395788
0.989270207	0.130235505	0.730855545	0.215508694	0.231859945
0.517952366	0.944332576	0.099864112	0.9517275	0.654688363
0.576465902	0.337177859	0.141023167	0.837187046	0.887070105
0.583800086	0.590714981	0.02418029	0.261332451	0.586750138
0.651680281	0.066257353	0.162531428	0.200380904	0.04325527
0.731565624	0.515375664	0.911677055	0.602128082	0.488868776
0.902946179	0.299327251	0.849198429	0.866487166	0.45012563
0.264094117	0.138353289	0.031237083	0.961292136	0.591544577
0.93509297	0.779946136	0.421304077	0.999297623	0.088942115
0.843160239	0.758044198	0.216376089	0.634261254	0.335691504
0.327087022	0.423738498	0.097284829	0.279843639	0.343765702
0.362286744	0.761272202	0.524198486	0.114505179	0.212472979
0.317348611	0.604132771	0.866268345	0.927169433	0.058906319
0.516653851	0.232452798	0.341656731	0.758930035	0.251428611
0.972276767	0.385819546	0.524525004	0.379408923	0.734578738
0.830819506	0.928582403	0.571748353	0.204802147	0.649935644
0.394110755	0.046741201	0.466647566	0.853473875	0.032903116
0.426342029	0.017305186	0.715533585	0.366536461	0.907373824
0.880999673	0.418048147	0.749038795	0.376175499	0.871008835
0.632522737	0.189389857	0.548554734	0.312624223	0.090512397
0.614891746	0.35435799	0.131664986	0.556306443	0.516461363
0.736311167	0.20497284	0.773445965	0.043661195	0.094951643
0.378952771	0.290384017	0.939886195	0.52499317	0.976927064
0.57932504	0.784569517	0.720721476	0.563311617	0.187401417
0.113970841	0.804703077	0.706752263	0.295321984	0.351959971
0.004925854	0.056213009	0.039809621	0.389890996	0.51624595
0.304528418	0.888438179	0.866662414	0.883673973	0.006866124
0.76518238	0.372820469	0.281757808	0.282610914	0.791996569
0.790016081	0.664260751	0.350453206	0.367341454	0.897993653
0.701071259	0.660129442	0.193964361	0.139437719	0.866986032
0.057665416	0.179426171	0.435066034	0.294260241	0.896375271
0.783687574	0.282904184	0.961882836	0.822970373	0.179353924
0.439381379	0.176193087	0.666108339	0.055682035	0.980513816
0.887416499	0.969021187	0.104260603	0.959604589	0.220843813
0.018828352	0.780549627	0.836526853	0.599028309	0.660041138
0.615994791	0.983105337	0.318729675	0.54678122	0.659544768
0.906644683	0.15492567	0.712632937	0.99607468	0.996439254
0.934953627	0.780889017	0.211118604	0.210241346	0.791647417
0.84111242	0.633028554	0.940332475	0.522214125	0.428139037
0.527395575	0.644648907	0.192291864	0.181170983	0.626831082
0.994736672	0.228086364	0.719689265	0.192851757	0.435678436
0.028977879	0.985689805	0.590984423	0.899920053	0.010789588
0.519512698	0.778742737	0.081206596	0.953968421	0.838252168
0.471958708	0.07900156	0.528497703	0.691078752	0.691164324
0.118005165	0.463696704	0.635175842	0.96281019	0.711081739
0.813145826	0.178861671	0.018700305	0.387909211	0.401221172
0.152377308	0.466154315	0.740067437	0.902537856	0.722794001
0.138173873	0.759063681	0.752747927	0.775028524	0.768960044
0.396533314	0.194153832	0.030087778	0.969862759	0.348937246
0.863381852	0.346381814	0.541536645	0.671572949	0.633590988
0.699752903	0.61809583	0.909000171	0.17630595	0.959175572
0.5472382	0.756060908	0.0529274	0.247454692	0.750607071
0.994569562	0.291599794	0.635953476	0.503881764	0.96134505
0.561116827	0.024583468	0.934843257	0.972341074	0.187083569
0.692678688	0.718634838	0.049897457	0.148551688	0.209370699
0.63476039	0.097935576	0.72636162	0.311809377	0.284799088
0.237247057	0.760012082	0.674227628	0.835802359	0.68410633
0.610804907	0.007478587	0.163320419	0.631621961	0.248668917
0.8762232	0.516071529	0.829179457	0.883398351	0.115117228
0.824892263	0.276638431	0.998572015	0.463497291	0.555524318
0.757547643	0.640688363	0.914785284	0.240557087	0.506462399
0.631268578	0.195077622	0.017318146	0.078825766	0.533898051
0.595888193	0.506356708	0.181367836	0.209496697	0.041323167
0.003125144	0.680091422	0.216019038	0.915390469	0.308864539
0.593354934	0.359589635	0.136829124	0.041145978	0.682021734
0.069773716	0.8152372	0.480643127	0.075709098	0.618099336
0.30303053	0.101705549	0.427924389	0.307518472	0.517923043
0.144567534	0.792313348	0.314692873	0.265871718	0.381693538
0.681980579	0.809451936	0.002187128	0.838419647	0.810439604
0.00441278	0.492287284	0.105953079	0.273714307	0.106446773
0.639433414	0.068187598	0.182447399	0.399009321	0.754183225
0.284067445	0.13468484	0.591297826	0.375971978	0.554874145
0.142541366	0.444663148	0.356733193	0.128040791	0.588269589
0.299905501	0.894668073	0.881612482	0.781436907	0.837256589
0.13743832	0.361335259	0.566608663	0.487291556	0.43704724
0.148797706	0.350459505	0.763165886	0.121064521	0.547672722
0.795625583	0.840384869	0.861757045	0.43884356	0.121150442
0.292662613	0.188335838	0.072329552	0.804131951	0.206296982
0.17007529	0.409719271	0.412364124	0.796446854	0.493500546
0.786661682	0.266943206	0.200355354	0.943999608	0.270251703
0.617536178	0.227838543	0.728356414	0.325970061	0.374101663
0.898324868	0.687732882	0.486585281	0.757895419	0.073218105
0.471217907	0.722641534	0.135552984	0.153260258	0.457822758
0.304143309	0.988632671	0.165428535	0.404186198	0.701667739
0.741335624	0.495459784	0.984567475	0.022455303	0.530493676
0.410683305	0.618769717	0.952659962	0.84799408	0.833868408
0.252842253	0.859712648	0.254789827	0.774886796	0.976639051
0.102077921	0.478377271	0.063354881	0.14408691	0.761448544
0.032395946	0.511156338	0.847410639	0.596949301	0.864287081
0.111938788	0.17746697	0.206523792	0.765848708	0.404135822
0.510780625	0.994084508	0.589365765	0.643444096	0.410031071
0.449544016	0.308583544	0.770694504	0.197389226	0.914327669
0.335352957	0.945966801	0.804864603	0.484745849	0.283663762
0.416389808	0.953597877	0.859699295	0.678346905	0.787198818
0.512382529	0.04828417	0.5261628	0.457006941	0.030676303
0.35834236	0.394679374	0.724183636	0.08223911	0.898831912
0.875638706	0.50179176	0.435355612	0.385849291	0.621053866
0.814096894	0.62110353	0.019961192	0.205275985	0.928042715
0.55370037	0.982889701	0.517476991	0.676755118	0.086501783
0.957666151	0.350246709	0.200040191	0.491259905	0.736873453
0.062352597	0.628365241	0.260880804	0.207111816	0.437898509
0.103478501	0.085132676	0.102760895	0.656999139	0.290198215
0.544971952	0.817563694	0.943169579	0.603497417	0.646945845
0.47838847	0.98901331	0.820287588	0.571336094	0.45187224
0.36002489	0.251363498	0.477203878	0.735071073	0.425952364
0.496156739	0.687798414	0.521435971	0.54419568	0.794352971
0.391843956	0.694333138	0.677886223	0.282449952	0.099526205
0.856619888	0.991306569	0.467238725	0.089896049	0.778212686
0.586993819	0.519431669	0.710388416	0.117660064	0.323743121
0.362557576	0.748416533	0.316521579	0.334701748	0.097760733
0.812066069	0.42765064	0.175326284	0.348770949	0.6954519
0.792156042	0.959013565	0.05688304	0.792380718	0.981238535
0.39633932	0.932616259	0.098514788	0.733702821	0.491014865
0.439164358	0.553394188	0.640051977	0.452337765	0.296152469
0.74746688	0.074883321	0.211731969	0.534599832	0.26713975
0.737475716	0.781566306	0.78045643	0.07906194	0.074694644
0.350721435	0.83837634	0.205124961	0.883364184	0.327301674
0.452908425	0.503539078	0.902920809	0.758539748	0.185931049
0.66683124	0.837168016	0.755816575	0.021979574	0.266992137
0.461099227	0.686310774	0.802388006	0.173319238	0.767050371
0.13800068	0.777157906	0.56094486	0.129773794	0.542347365
0.297710826	0.128390517	0.909330204	0.168709302	0.451900049
0.81550092	0.952345875	0.727660109	0.566318677	0.490441694
0.771110708	0.579179421	0.034861643	0.736889389	0.059670474
0.665066713	0.364089515	0.443908313	0.560240146	0.350527309
0.663676651	0.575378838	0.637324683	0.216903066	0.160038879
0.657610579	0.461389854	0.162852743	0.301096083	0.806349672
0.268236587	0.897113171	0.307440989	0.210259028	0.705791463
0.732097806	0.175430705	0.879280693	0.657305474	0.641006488
0.842956812	0.128789743	0.682928124	0.836119528	0.306664985
0.554185767	0.319359963	0.095945493	0.336992009	0.64467683
0.530977271	0.760864808	0.183977382	0.413004234	0.891193667
0.891162746	0.33060293	0.973998151	0.807905367	0.281788369
0.996924251	0.206925466	0.599565424	0.068650053	0.622089002
0.138855101	0.810889586	0.806235736	0.239465838	0.223799486
0.714942658	0.157783376	0.904381647	0.366569966	0.751527207
0.69265279	0.198867415	0.491291438	0.758722295	0.767066567
0.969605885	0.250068432	0.693271332	0.275203459	0.516135706
0.611227966	0.792031267	0.662184026	0.800342959	0.525760636
0.774226242	0.036774764	0.05458859	0.757815203	0.95908068
0.451661522	0.781318194	0.015017158	0.122661645	0.977740443
0.961898591	0.953927343	0.752283105	0.393919759	0.727153295
0.292404719	0.046370454	0.685445484	0.724445377	0.251300854
0.030933938	0.617791682	0.463180961	0.180352636	0.773605939
0.193331842	0.699148937	0.422168209	0.885124376	0.243441582
0.445953523	0.947027695	0.635292656	0.574591076	0.286947286
0.943638779	0.620255627	0.609668461	0.019433013	0.458018396
0.720174535	0.526645724	0.663725126	0.458811562	0.939076701
0.804646322	0.333386562	0.616339438	0.217194346	0.733341874
0.35534337	0.520883325	0.310904988	0.28406168	0.170406993
0.566284497	0.264124971	0.93044325	0.010658675	0.870090697
0.157049673	0.716068291	0.145870927	0.602803525	0.849513207
0.152478586	0.808606322	0.819978151	0.657886113	0.273996888
0.518308111	0.164201437	0.315769199	0.842631054	0.747699812
0.253283911	0.167752719	0.799579723	0.03076055	0.648398735
0.196404122	0.213035866	0.797192529	0.870855546	0.388757025
0.30637208	0.110046873	0.537460225	0.192838154	0.299533082
0.909409736	0.848311635	0.48373919	0.072262386	0.992295253
0.578682004	0.9664323	0.541045755	0.375085367	0.787864193
0.521859564	0.640167653	0.088943176	0.192225491	0.636347167
0.367401464	0.363550472	0.363577771	0.055735096	0.291228685
0.279310112	0.586068695	0.023001435	0.499917176	0.592167909
0.830704724	0.45460597	0.122918831	0.389233176	0.608063709
0.978668206	0.777138275	0.442602558	0.050887534	0.101279091
0.029589349	0.474509634	0.555075033	0.777250818	0.594512892
0.047135672	0.161682081	0.79027728	0.38144054	0.861961161
0.22149741	0.261120123	0.650252261	0.786627096	0.621169134
0.395789054	0.557149243	0.645517043	0.871430074	0.161763175
0.135184529	0.341303595	0.005075519	0.54803462	0.367559407
0.71144059	0.256398205	0.774791033	0.548993365	0.60185685
0.864101848	0.178924126	0.466126952	0.421781535	0.841821769
0.492275729	0.854105301	0.716061099	0.921703658	0.315309558
0.889109034	0.909205956	0.724320003	0.873867734	0.389203784
0.952741495	0.353214752	0.21791467	0.344459185	0.660443347
0.616416473	0.59233585	0.548758491	0.4767718	0.962683317
0.391920883	0.423479579	0.288929389	0.433439263	0.209133899
0.188481284	0.935071364	0.737980053	0.389070242	0.888058094
0.294572186	0.376800614	0.992357157	0.746600615	0.813924434
0.114634287	0.428073667	0.661824152	0.92008286	0.204781489
0.844496534	0.677728463	0.719854316	0.002691704	0.125732386
0.898314846	0.430737915	0.928146807	0.878604486	0.342108419
0.031961151	0.758366846	0.905109807	0.039772246	0.491756046
0.593723672	0.609646347	0.961111077	0.748194574	0.314878391
0.532255345	0.685422919	0.081170161	0.281823238	0.370429452
0.112283508	0.015808533	0.293002474	0.690772087	0.545679559
0.508753047	0.490897999	0.348361053	0.02007692	0.972145381
0.717842129	0.455003918	0.409034104	0.659615102	0.305795028
0.538785016	0.339713822	0.456874003	0.126098501	0.465419699
0.618682808	0.261728405	0.773717282	0.398178496	0.634617353
0.352390088	0.431803532	0.274256007	0.888940662	0.074513105
0.465728087	0.754311502	0.925162905	0.637676412	0.877369767
0.786118498	0.607255143	0.023661348	0.882760402	0.651070142
0.839667077	0.021889028	0.337468436	0.456993992	0.07012746
0.309808411	0.561958717	0.114226967	0.989826033	0.04300769
0.678456868	0.809975485	0.965373721	0.416785565	0.434511162
0.696680854	0.507526205	0.584142118	0.744387399	0.8986472
0.965019428	0.984612323	0.369747984	0.023685602	0.0890628
0.504558657	0.089650556	0.374238567	0.544802134	0.604520898
0.134514987	0.401105917	0.241965823	0.903547052	0.360503191
0.490175014	0.902189365	0.627486938	0.534627846	0.310409403
0.759748308	0.316035244	0.827010484	0.995312562	0.327716808
0.386567705	0.424664994	0.868105583	0.303456493	0.40440036
0.155949871	0.709814687	0.727643362	0.286860699	0.529557473
0.35857186	0.118861496	0.163709571	0.212165491	0.12612556
0.761574893	0.371263615	0.919916939	0.602933983	0.968296162
0.480430337	0.083706498	0.798227888	0.825980505	0.936342624
0.47807145	0.870886737	0.734143504	0.397917911	0.820955822
0.16123332	0.649562082	0.653792003	0.038597623	0.918951981
0.277783415	0.280630264	0.494409928	0.297391041	0.190669219
0.013988287	0.789074774	0.43626732	0.386382058	0.467913021
0.956834161	0.7601499	0.375587552	0.887884979	0.585299219
0.660741653	0.381438539	0.301464758	0.103813755	0.076872065
0.541202082	0.80186281	0.345777001	0.601312859	0.573698331
0.858843499	0.922966948	0.800112408	0.800115471	0.33940732
0.480038849	0.956759879	0.119905365	0.019595234	0.232922984
0.779585639	0.425982969	0.575653205	0.675749346	0.85198952
0.156750189	0.999365042	0.919554038	0.096525745	0.897462778
0.121546915	0.914748036	0.61734551	0.059069252	0.843320486
0.101424311	0.5319534	0.205050624	0.532711538	0.277208789
0.351403089	0.99903872	0.08443438	0.56044317	0.600117715
0.470687511	0.124937101	0.926509481	0.599606583	0.956366254
0.162055469	0.792951268	0.453222022	0.867462785	0.694748114
0.931704895	0.359764184	0.412969928	0.768244309	0.688731108
0.70975112	0.866449644	0.403054604	0.33108969	0.24977645
0.308223622	0.894596734	0.984719013	0.68268267	0.037648956
0.58505368	0.053471258	0.679590281	0.649658613	0.120431339
0.303505415	0.858054661	0.115536168	0.43720465	0.049294205
0.002216902	0.066832627	0.806387259	0.026073693	0.156530267
0.089889383	0.867894356	0.99110496	0.330921541	0.393788823
0.70500271	0.7461331	0.147648462	0.323934484	0.328221679
0.02098245	0.00221924	0.204651441	0.581069532	0.761686705
0.538412762	0.01032501	0.197624723	0.988871753	0.264118126
0.273822662	0.518328174	0.154568735	0.965075487	0.807096635
0.881512925	0.659269238	0.365085403	0.484310928	0.137098259
0.047916053	0.47316391	0.232533202	0.232928642	0.54893514
0.962596651	0.145288218	0.903059066	0.223345973	0.814855737
0.688903672	0.993895295	0.291977481	0.277798257	0.225283215
0.851303966	0.97083736	0.209680893	0.412177841	0.118688152
0.779970133	0.066123311	0.319544251	0.648114108	0.077137834
0.598880322	0.418012961	0.915390745	0.614642489	0.26050572
0.786191044	0.272141195	0.333170307	0.468914753	0.303103624
0.469809383	0.444882366	0.306672237	0.120304487	0.58518899
0.80526621	0.689201767	0.148114685	0.803938614	0.662974643
0.562751128	0.879969801	0.099898321	0.638174446	0.121848083
0.528037319	0.634855903	0.607481529	0.382549369	0.337329806
0.60390391	0.418114519	0.749747669	0.27644977	0.013682198
0.668990735	0.253458559	0.803204976	0.901981721	0.343252554
0.871605563	0.704955753	0.662665444	0.040657279	0.089322166
0.585296902	0.365864571	0.581324816	0.353439963	0.381844596
0.50822994	0.628204806	0.621581448	0.636076745	0.496345226
0.182854495	0.177810988	0.773683412	0.201491839	0.562839252
0.347355587	0.546878257	0.768905413	0.770730306	0.766202751
0.144112573	0.664175839	0.921523587	0.005751705	0.692312898
0.94025148	0.013960211	0.407575911	0.965097675	0.972870561
0.73670006	0.297444795	0.386483239	0.545132614	0.141648875
0.743797165	0.722564632	0.604799751	0.132520007	0.934861407
0.29735612	0.44810319	0.113446063	0.461094504	0.516968482
0.676930096	0.318201887	0.563979246	0.992093636	0.108553553
0.476850899	0.579895712	0.778270295	0.672631053	0.251607609
0.154338371	0.937067017	0.478610091	0.810899703	0.971602142
0.484202155	1.49263E-06	0.630065276	0.684300655	0.644093413
0.319408606	0.141438563	0.632742944	0.028863077	0.714380954
0.766814214	0.511739139	0.196630542	0.268180422	0.143626158
0.084984903	0.485104391	0.996360416	0.620346277	0.468400116
0.086877535	0.203163038	0.653088287	0.033302335	0.612448958
0.682577785	0.882837228	0.2520997	0.752798657	0.543602782
0.462052732	0.360288145	0.646592329	0.071155636	0.201826962
0.057527704	0.065378451	0.893378039	0.198517578	0.298941171
0.099157815	0.304508318	0.820183826	0.344274041	0.11047143
0.791304885	0.494684699	0.822775279	0.991100174	0.467523955
0.145275377	0.214451159	0.310950794	0.864726118	0.359416593
0.192810562	0.721171594	0.397192514	0.263413567	0.420537206
0.274716983	0.359954012	0.330602883	0.934112478	0.181664505
0.821969758	0.101990088	0.089975217	0.592512806	0.665813826
0.343891281	0.018027902	0.968618744	0.314185033	0.326336791
0.752921954	0.745611929	0.712671354	0.493867628	0.99237324
0.203231778	0.046133732	0.8920395	0.028947462	0.09113397
0.301884911	0.218349594	0.64603956	0.471072663	0.559600579
0.669045042	0.569749791	0.291548658	0.126180615	0.213859761
0.636880764	0.876947356	0.923043857	0.646582495	0.425920492
0.832467812	0.700739645	0.102196663	0.973163453	0.250732859
0.030488425	0.871305247	0.461329571	0.619763634	0.410697028
0.454728643	0.837082808	0.389847576	0.086637378	0.358941347
0.995109801	0.475799635	0.124134023	0.554661847	0.76850014
0.712585014	0.418710613	0.535262765	0.715111063	0.259554117
0.475462788	0.179128791	0.179924953	0.209949297	0.612867376
0.387073744	0.321534459	0.366825689	0.169580631	0.47224778
0.229318757	0.076746854	0.522502804	0.103273006	0.62990308
0.329453346	0.177240494	0.594452749	0.916072062	0.043653368
0.640666092	0.044803068	0.78422645	0.963595451	0.472862513
0.616887106	0.093705307	0.737149093	0.812567355	0.37524246
0.715549773	0.672970993	0.022412187	0.437912975	0.708005314
0.398124564	0.547111401	0.452040947	0.535174141	0.660121143
0.507840082	0.355495155	0.994231543	0.170936679	0.71836841
0.32541394	0.865321074	0.186443177	0.379521609	0.978074954
0.95970178	0.803680795	0.098162383	0.494141966	0.47409207
0.474203178	0.091129163	0.068728575	0.45196558	0.504098336
0.531996497	0.578485714	0.957557623	0.297155775	0.403951068
0.773482702	0.040017772	0.120857709	0.554318475	0.442894345
0.640076787	0.896941344	0.006212761	0.10469551	0.005610046
0.037803433	0.384684142	0.570219696	0.913874504	0.205559423
0.819712927	0.565900477	0.263486008	0.172919885	0.073648874
0.959767881	0.460976174	0.541240155	0.882253487	0.651222771
0.141723353	0.612239414	0.894519227	0.712130834	0.086549072
0.732047897	0.424707281	0.506764236	0.600245316	0.837305864
0.08537163	0.415856279	0.635130034	0.631554369	0.750990446
0.799808202	0.165974569	0.064247419	0.981981887	0.490303052
0.368535463	0.219089517	0.299277821	0.174166167	0.548225853
0.332483417	0.811456845	0.743867486	0.1303686	0.997392938
0.198030901	0.984856043	0.378218899	0.082399137	0.949940437
0.952368832	0.882708924	0.17465171	0.85018585	0.782052733
0.975961712	0.507375368	0.358977382	0.721371555	0.130095459
0.468915548	0.462804101	0.061903829	0.87423431	0.807746822
0.232654812	0.184095048	0.142762353	0.314445435	0.664862439
0.927528838	0.87490927	0.915060198	0.411773723	0.058634659
0.684560597	0.499606986	0.485460466	0.762521352	0.231227474
0.887719839	0.714940751	0.353499444	0.931607463	0.032432962
0.68542967	0.151804202	0.170486918	0.397617513	0.057658169
0.113562073	0.806968983	0.289830945	0.11184098	0.321718065
0.506569761	0.209166955	0.403089507	0.420290404	0.103219456
0.704478661	0.526154688	0.346149927	0.012663048	0.511803343
0.808744556	0.821038762	0.578157909	0.682507905	0.872658922
0.380373655	0.716069131	0.089913017	0.637274671	0.826938201
0.665764017	0.017786461	0.370391748	0.711247406	0.949072061
0.673370441	0.488545114	0.346823899	0.229703189	0.475746154
0.100769631	0.639081367	0.269321835	0.064864762	0.376325294
0.964074577	0.393887253	0.023316231	0.718701284	0.433952356